9.272701144218444824e-01 3.189298510551452637e-01
1.208713293075561523e+00 4.742695689201354980e-01
7.522516250610351562e-01 4.061202108860015869e-01
1.172799587249755859e+00 5.680205821990966797e-01
6.241430044174194336e-01 4.536686241626739502e-01
6.573814749717712402e-01 2.496525794267654419e-01
1.112633347511291504e+00 6.233900189399719238e-01
7.748926281929016113e-01 4.624290466308593750e-01
6.720206737518310547e-01 5.182816982269287109e-01
9.528219699859619141e-01 3.290773630142211914e-01
4.908072948455810547e-01 3.666263222694396973e-01
8.779822587966918945e-01 4.528186321258544922e-01
1.128287672996520996e+00 6.633230447769165039e-01
1.133827447891235352e+00 3.887557387351989746e-01
8.626848459243774414e-01 2.660089731216430664e-01
5.496640801429748535e-01 1.961188912391662598e-01
